version https://git-lfs.github.com/spec/v1
oid sha256:98dc2f483c6bd34ac736588ef506e9c4c226260cde7134f4062f8de608e3bb49
size 369495
