version https://git-lfs.github.com/spec/v1
oid sha256:5e615477cd3e0967a127f9e1cd418391d104e0b7707d56d5fea8c83f97dc7efe
size 370048
